1 461,550 through 564,900
2 370,39 through 425,839
2 464,858 through 833,915
2 812,389 through 865,874
3 599,989 through 806,993
3 376,415 through 768,548
3 606,361 through 892,600
2 448,208 through 645,684
1 50,472 through 452,788
1 205,417 through 703,826
1 533,331 through 906,873
1 857,493 through 989,970
2 631,950 through 894,975
2 387,19 through 720,700
2 511,843 through 581,945
1 514,557 through 662,883
2 269,809 through 876,847
2 149,517 through 716,777
2 994,939 through 998,988
1 467,662 through 555,957
3 952,417 through 954,845
3 565,226 through 944,880
3 214,319 through 805,722
1 532,276 through 636,847
1 619,80 through 689,507
3 390,706 through 884,722
1 17,634 through 537,766
1 706,440 through 834,441
1 318,207 through 499,530
1 698,185 through 830,343
1 566,679 through 744,716
1 347,482 through 959,482
1 39,799 through 981,872
3 583,543 through 846,710
2 367,664 through 595,872
3 805,439 through 964,995
1 209,584 through 513,802
2 106,497 through 266,770
3 975,2 through 984,623
2 316,684 through 369,876
2 30,309 through 259,554
2 399,680 through 861,942
1 227,740 through 850,829
3 386,603 through 552,879
2 703,795 through 791,963
2 573,803 through 996,878
2 993,939 through 997,951
3 809,221 through 869,723
2 38,720 through 682,751
2 318,732 through 720,976
1 88,459 through 392,654
2 865,654 through 911,956
1 264,284 through 857,956
2 281,776 through 610,797
1 492,660 through 647,910
2 879,703 through 925,981
2 772,414 through 974,518
3 694,41 through 755,96
3 452,406 through 885,881
2 107,905 through 497,910
2 647,222 through 910,532
3 679,40 through 845,358
2 144,205 through 556,362
3 871,804 through 962,878
3 545,676 through 545,929
2 316,716 through 413,941
1 488,826 through 755,971
1 957,832 through 976,992
1 857,770 through 905,964
1 319,198 through 787,673
3 832,813 through 863,844
3 818,296 through 818,681
3 71,699 through 91,960
2 838,578 through 967,928
1 440,856 through 507,942
1 121,970 through 151,974
1 391,192 through 659,751
3 78,210 through 681,419
3 324,591 through 593,939
1 159,366 through 249,760
2 617,167 through 954,601
1 484,607 through 733,657
3 587,96 through 888,819
2 680,984 through 941,991
3 800,512 through 968,691
2 123,588 through 853,603
3 1,862 through 507,912
3 699,839 through 973,878
2 848,89 through 887,893
1 344,353 through 462,403
3 780,731 through 841,760
1 693,973 through 847,984
1 989,936 through 996,958
1 168,475 through 206,963
3 742,683 through 769,845
1 768,116 through 987,396
3 190,364 through 617,526
2 470,266 through 530,839
1 122,497 through 969,645
2 492,432 through 827,790
3 505,636 through 957,820
3 295,476 through 698,958
1 63,298 through 202,396
3 157,315 through 412,939
2 69,789 through 134,837
2 678,335 through 896,541
1 140,516 through 842,668
2 697,585 through 712,668
1 507,832 through 578,949
3 678,279 through 886,621
1 449,744 through 826,910
2 835,354 through 921,741
1 924,878 through 985,952
3 666,503 through 922,905
3 947,453 through 961,587
1 525,190 through 795,654
2 62,320 through 896,362
3 21,458 through 972,536
3 446,429 through 821,970
1 376,423 through 805,455
1 494,896 through 715,937
3 583,270 through 667,482
2 183,468 through 280,548
1 623,289 through 750,524
3 836,706 through 967,768
3 419,569 through 912,908
3 428,260 through 660,433
2 683,627 through 916,816
3 447,973 through 866,980
3 688,607 through 938,990
3 245,187 through 597,405
2 558,843 through 841,942
2 325,666 through 713,834
1 672,606 through 814,935
2 161,812 through 490,954
3 950,362 through 985,898
3 143,22 through 205,821
3 89,762 through 607,790
1 234,245 through 827,303
3 65,599 through 764,997
3 232,466 through 965,695
3 739,122 through 975,590
2 206,112 through 940,558
1 690,365 through 988,552
3 907,438 through 977,691
2 838,809 through 944,869
3 222,12 through 541,832
1 337,66 through 669,812
3 732,821 through 897,912
1 182,862 through 638,996
3 955,808 through 983,847
1 346,227 through 841,696
3 983,270 through 989,756
2 874,849 through 876,905
2 7,760 through 678,795
1 973,977 through 995,983
2 911,961 through 914,976
3 913,557 through 952,722
2 607,933 through 939,999
3 226,604 through 517,622
2 3,564 through 344,842
1 340,578 through 428,610
3 248,916 through 687,925
1 650,185 through 955,965
1 831,359 through 933,536
2 544,614 through 896,953
1 648,939 through 975,997
3 464,269 through 710,521
2 643,149 through 791,320
2 875,549 through 972,643
2 953,969 through 971,972
2 236,474 through 772,591
1 313,212 through 489,723
1 896,829 through 897,837
1 544,449 through 995,905
2 278,645 through 977,876
2 887,947 through 946,977
3 342,861 through 725,935
3 636,316 through 692,513
1 857,470 through 950,528
2 736,196 through 826,889
3 17,878 through 850,987
3 142,968 through 169,987
3 46,470 through 912,853
3 182,252 through 279,941
1 261,143 through 969,657
2 69,600 through 518,710
3 372,379 through 779,386
1 867,391 through 911,601
2 174,287 through 900,536
1 951,842 through 993,963
2 626,733 through 985,827
1 622,70 through 666,291
2 980,671 through 985,835
2 477,63 through 910,72
2 779,39 through 940,142
3 986,570 through 997,638
1 842,805 through 943,985
2 890,886 through 976,927
2 893,172 through 897,619
2 198,780 through 835,826
1 202,209 through 219,291
2 193,52 through 833,283
1 414,427 through 987,972
3 375,231 through 668,236
2 646,598 through 869,663
1 271,462 through 414,650
2 679,121 through 845,467
1 76,847 through 504,904
2 15,617 through 509,810
1 248,105 through 312,451
2 126,546 through 922,879
3 531,831 through 903,872
1 602,431 through 892,792
2 795,223 through 892,623
1 167,721 through 533,929
1 813,251 through 998,484
1 64,640 through 752,942
3 155,955 through 892,985
3 251,329 through 996,497
2 341,716 through 462,994
1 760,127 through 829,189
3 86,413 through 408,518
1 340,102 through 918,558
2 441,642 through 751,889
3 785,292 through 845,325
2 123,389 through 725,828
3 905,73 through 983,270
2 807,86 through 879,276
1 500,866 through 864,916
3 809,366 through 828,534
1 219,356 through 720,617
2 320,964 through 769,990
2 903,167 through 936,631
1 300,137 through 333,693
1 5,675 through 755,848
2 852,235 through 946,783
1 355,556 through 941,664
3 810,830 through 867,891
2 509,869 through 667,903
1 769,400 through 873,892
3 553,614 through 810,729
3 179,873 through 589,962
2 466,866 through 768,926
1 143,943 through 465,984
1 182,380 through 569,552
2 735,808 through 917,910
3 731,802 through 910,847
2 522,74 through 731,485
3 444,127 through 566,996
2 232,962 through 893,979
2 231,492 through 790,976
3 874,567 through 943,684
1 911,840 through 990,932
1 547,895 through 667,935
2 93,294 through 648,636
2 190,902 through 532,970
2 451,530 through 704,613
1 936,774 through 937,775
2 116,843 through 533,934
3 950,906 through 986,993
3 910,51 through 945,989
3 986,498 through 994,945
2 125,324 through 433,704
2 60,313 through 75,728
3 899,494 through 940,947
1 832,316 through 971,817
1 994,983 through 998,984
1 23,353 through 917,845
1 174,799 through 658,859
2 490,878 through 534,887
2 623,963 through 917,975
1 721,333 through 816,975
1 589,687 through 890,921
3 936,388 through 948,560
2 485,17 through 655,610
3 435,158 through 689,495
3 192,934 through 734,936
2 299,723 through 622,847
1 484,160 through 812,942
2 245,754 through 818,851
3 298,419 through 824,634
1 868,687 through 969,760
1 131,250 through 685,426
2 201,954 through 997,983
3 353,910 through 832,961
2 518,781 through 645,875
2 866,97 through 924,784
1 836,599 through 857,767
3 80,957 through 776,968
1 277,130 through 513,244
2 62,266 through 854,434
3 792,764 through 872,842
2 160,949 through 273,989
2 664,203 through 694,754
1 491,615 through 998,836
2 210,146 through 221,482
2 209,780 through 572,894
3 766,112 through 792,868
3 222,12 through 856,241
